{
 "cells": [
  {
   "cell_type": "code",
   "execution_count": 1,
   "metadata": {},
   "outputs": [],
   "source": [
    "import pandas as pd\n",
    "import numpy as np\n",
    "import matplotlib.pyplot as plt\n",
    "import seaborn as sns"
   ]
  },
  {
   "cell_type": "code",
   "execution_count": 2,
   "metadata": {},
   "outputs": [],
   "source": [
    "df = pd.read_csv('./dataset.csv')"
   ]
  },
  {
   "cell_type": "code",
   "execution_count": 3,
   "metadata": {},
   "outputs": [
    {
     "data": {
      "text/html": [
       "<div>\n",
       "<style scoped>\n",
       "    .dataframe tbody tr th:only-of-type {\n",
       "        vertical-align: middle;\n",
       "    }\n",
       "\n",
       "    .dataframe tbody tr th {\n",
       "        vertical-align: top;\n",
       "    }\n",
       "\n",
       "    .dataframe thead th {\n",
       "        text-align: right;\n",
       "    }\n",
       "</style>\n",
       "<table border=\"1\" class=\"dataframe\">\n",
       "  <thead>\n",
       "    <tr style=\"text-align: right;\">\n",
       "      <th></th>\n",
       "      <th>day</th>\n",
       "      <th>month</th>\n",
       "      <th>year</th>\n",
       "      <th>Temperature</th>\n",
       "      <th>RH</th>\n",
       "      <th>Ws</th>\n",
       "      <th>Rain</th>\n",
       "      <th>FFMC</th>\n",
       "      <th>DMC</th>\n",
       "      <th>DC</th>\n",
       "      <th>ISI</th>\n",
       "      <th>BUI</th>\n",
       "      <th>FWI</th>\n",
       "      <th>Classes</th>\n",
       "      <th>Region</th>\n",
       "    </tr>\n",
       "  </thead>\n",
       "  <tbody>\n",
       "    <tr>\n",
       "      <th>238</th>\n",
       "      <td>26</td>\n",
       "      <td>9</td>\n",
       "      <td>2012</td>\n",
       "      <td>30</td>\n",
       "      <td>65</td>\n",
       "      <td>14</td>\n",
       "      <td>0.0</td>\n",
       "      <td>85.4</td>\n",
       "      <td>16.0</td>\n",
       "      <td>44.5</td>\n",
       "      <td>4.5</td>\n",
       "      <td>16.9</td>\n",
       "      <td>6.5</td>\n",
       "      <td>fire</td>\n",
       "      <td>1</td>\n",
       "    </tr>\n",
       "    <tr>\n",
       "      <th>239</th>\n",
       "      <td>27</td>\n",
       "      <td>9</td>\n",
       "      <td>2012</td>\n",
       "      <td>28</td>\n",
       "      <td>87</td>\n",
       "      <td>15</td>\n",
       "      <td>4.4</td>\n",
       "      <td>41.1</td>\n",
       "      <td>6.5</td>\n",
       "      <td>8.0</td>\n",
       "      <td>0.1</td>\n",
       "      <td>6.2</td>\n",
       "      <td>0.0</td>\n",
       "      <td>not fire</td>\n",
       "      <td>1</td>\n",
       "    </tr>\n",
       "    <tr>\n",
       "      <th>240</th>\n",
       "      <td>28</td>\n",
       "      <td>9</td>\n",
       "      <td>2012</td>\n",
       "      <td>27</td>\n",
       "      <td>87</td>\n",
       "      <td>29</td>\n",
       "      <td>0.5</td>\n",
       "      <td>45.9</td>\n",
       "      <td>3.5</td>\n",
       "      <td>7.9</td>\n",
       "      <td>0.4</td>\n",
       "      <td>3.4</td>\n",
       "      <td>0.2</td>\n",
       "      <td>not fire</td>\n",
       "      <td>1</td>\n",
       "    </tr>\n",
       "    <tr>\n",
       "      <th>241</th>\n",
       "      <td>29</td>\n",
       "      <td>9</td>\n",
       "      <td>2012</td>\n",
       "      <td>24</td>\n",
       "      <td>54</td>\n",
       "      <td>18</td>\n",
       "      <td>0.1</td>\n",
       "      <td>79.7</td>\n",
       "      <td>4.3</td>\n",
       "      <td>15.2</td>\n",
       "      <td>1.7</td>\n",
       "      <td>5.1</td>\n",
       "      <td>0.7</td>\n",
       "      <td>not fire</td>\n",
       "      <td>1</td>\n",
       "    </tr>\n",
       "    <tr>\n",
       "      <th>242</th>\n",
       "      <td>30</td>\n",
       "      <td>9</td>\n",
       "      <td>2012</td>\n",
       "      <td>24</td>\n",
       "      <td>64</td>\n",
       "      <td>15</td>\n",
       "      <td>0.2</td>\n",
       "      <td>67.3</td>\n",
       "      <td>3.8</td>\n",
       "      <td>16.5</td>\n",
       "      <td>1.2</td>\n",
       "      <td>4.8</td>\n",
       "      <td>0.5</td>\n",
       "      <td>not fire</td>\n",
       "      <td>1</td>\n",
       "    </tr>\n",
       "  </tbody>\n",
       "</table>\n",
       "</div>"
      ],
      "text/plain": [
       "     day  month  year  Temperature  RH  Ws  Rain  FFMC   DMC    DC  ISI   BUI  \\\n",
       "238   26      9  2012           30  65  14   0.0  85.4  16.0  44.5  4.5  16.9   \n",
       "239   27      9  2012           28  87  15   4.4  41.1   6.5   8.0  0.1   6.2   \n",
       "240   28      9  2012           27  87  29   0.5  45.9   3.5   7.9  0.4   3.4   \n",
       "241   29      9  2012           24  54  18   0.1  79.7   4.3  15.2  1.7   5.1   \n",
       "242   30      9  2012           24  64  15   0.2  67.3   3.8  16.5  1.2   4.8   \n",
       "\n",
       "     FWI       Classes  Region  \n",
       "238  6.5       fire          1  \n",
       "239  0.0   not fire          1  \n",
       "240  0.2   not fire          1  \n",
       "241  0.7   not fire          1  \n",
       "242  0.5  not fire           1  "
      ]
     },
     "execution_count": 3,
     "metadata": {},
     "output_type": "execute_result"
    }
   ],
   "source": [
    "df.tail()"
   ]
  },
  {
   "cell_type": "code",
   "execution_count": 4,
   "metadata": {},
   "outputs": [
    {
     "data": {
      "text/plain": [
       "Index(['day', 'month', 'year', 'Temperature', 'RH', 'Ws', 'Rain', 'FFMC',\n",
       "       'DMC', 'DC', 'ISI', 'BUI', 'FWI', 'Classes', 'Region'],\n",
       "      dtype='object')"
      ]
     },
     "execution_count": 4,
     "metadata": {},
     "output_type": "execute_result"
    }
   ],
   "source": [
    "df.columns"
   ]
  },
  {
   "cell_type": "code",
   "execution_count": 5,
   "metadata": {},
   "outputs": [],
   "source": [
    "df.drop(['day','month','year'],axis=1,inplace=True)"
   ]
  },
  {
   "cell_type": "code",
   "execution_count": 6,
   "metadata": {},
   "outputs": [
    {
     "data": {
      "text/html": [
       "<div>\n",
       "<style scoped>\n",
       "    .dataframe tbody tr th:only-of-type {\n",
       "        vertical-align: middle;\n",
       "    }\n",
       "\n",
       "    .dataframe tbody tr th {\n",
       "        vertical-align: top;\n",
       "    }\n",
       "\n",
       "    .dataframe thead th {\n",
       "        text-align: right;\n",
       "    }\n",
       "</style>\n",
       "<table border=\"1\" class=\"dataframe\">\n",
       "  <thead>\n",
       "    <tr style=\"text-align: right;\">\n",
       "      <th></th>\n",
       "      <th>Temperature</th>\n",
       "      <th>RH</th>\n",
       "      <th>Ws</th>\n",
       "      <th>Rain</th>\n",
       "      <th>FFMC</th>\n",
       "      <th>DMC</th>\n",
       "      <th>DC</th>\n",
       "      <th>ISI</th>\n",
       "      <th>BUI</th>\n",
       "      <th>FWI</th>\n",
       "      <th>Classes</th>\n",
       "      <th>Region</th>\n",
       "    </tr>\n",
       "  </thead>\n",
       "  <tbody>\n",
       "    <tr>\n",
       "      <th>0</th>\n",
       "      <td>29</td>\n",
       "      <td>57</td>\n",
       "      <td>18</td>\n",
       "      <td>0.0</td>\n",
       "      <td>65.7</td>\n",
       "      <td>3.4</td>\n",
       "      <td>7.6</td>\n",
       "      <td>1.3</td>\n",
       "      <td>3.4</td>\n",
       "      <td>0.5</td>\n",
       "      <td>not fire</td>\n",
       "      <td>0</td>\n",
       "    </tr>\n",
       "    <tr>\n",
       "      <th>1</th>\n",
       "      <td>29</td>\n",
       "      <td>61</td>\n",
       "      <td>13</td>\n",
       "      <td>1.3</td>\n",
       "      <td>64.4</td>\n",
       "      <td>4.1</td>\n",
       "      <td>7.6</td>\n",
       "      <td>1.0</td>\n",
       "      <td>3.9</td>\n",
       "      <td>0.4</td>\n",
       "      <td>not fire</td>\n",
       "      <td>0</td>\n",
       "    </tr>\n",
       "    <tr>\n",
       "      <th>2</th>\n",
       "      <td>26</td>\n",
       "      <td>82</td>\n",
       "      <td>22</td>\n",
       "      <td>13.1</td>\n",
       "      <td>47.1</td>\n",
       "      <td>2.5</td>\n",
       "      <td>7.1</td>\n",
       "      <td>0.3</td>\n",
       "      <td>2.7</td>\n",
       "      <td>0.1</td>\n",
       "      <td>not fire</td>\n",
       "      <td>0</td>\n",
       "    </tr>\n",
       "    <tr>\n",
       "      <th>3</th>\n",
       "      <td>25</td>\n",
       "      <td>89</td>\n",
       "      <td>13</td>\n",
       "      <td>2.5</td>\n",
       "      <td>28.6</td>\n",
       "      <td>1.3</td>\n",
       "      <td>6.9</td>\n",
       "      <td>0.0</td>\n",
       "      <td>1.7</td>\n",
       "      <td>0.0</td>\n",
       "      <td>not fire</td>\n",
       "      <td>0</td>\n",
       "    </tr>\n",
       "    <tr>\n",
       "      <th>4</th>\n",
       "      <td>27</td>\n",
       "      <td>77</td>\n",
       "      <td>16</td>\n",
       "      <td>0.0</td>\n",
       "      <td>64.8</td>\n",
       "      <td>3.0</td>\n",
       "      <td>14.2</td>\n",
       "      <td>1.2</td>\n",
       "      <td>3.9</td>\n",
       "      <td>0.5</td>\n",
       "      <td>not fire</td>\n",
       "      <td>0</td>\n",
       "    </tr>\n",
       "  </tbody>\n",
       "</table>\n",
       "</div>"
      ],
      "text/plain": [
       "   Temperature  RH  Ws  Rain  FFMC  DMC    DC  ISI  BUI  FWI      Classes  \\\n",
       "0           29  57  18   0.0  65.7  3.4   7.6  1.3  3.4  0.5  not fire      \n",
       "1           29  61  13   1.3  64.4  4.1   7.6  1.0  3.9  0.4  not fire      \n",
       "2           26  82  22  13.1  47.1  2.5   7.1  0.3  2.7  0.1  not fire      \n",
       "3           25  89  13   2.5  28.6  1.3   6.9  0.0  1.7  0.0  not fire      \n",
       "4           27  77  16   0.0  64.8  3.0  14.2  1.2  3.9  0.5  not fire      \n",
       "\n",
       "   Region  \n",
       "0       0  \n",
       "1       0  \n",
       "2       0  \n",
       "3       0  \n",
       "4       0  "
      ]
     },
     "execution_count": 6,
     "metadata": {},
     "output_type": "execute_result"
    }
   ],
   "source": [
    "df.head()"
   ]
  },
  {
   "cell_type": "code",
   "execution_count": 7,
   "metadata": {},
   "outputs": [
    {
     "data": {
      "text/plain": [
       "Classes\n",
       "fire             131\n",
       "not fire         101\n",
       "fire               4\n",
       "fire               2\n",
       "not fire           2\n",
       "not fire           1\n",
       "not fire           1\n",
       "not fire           1\n",
       "Name: count, dtype: int64"
      ]
     },
     "execution_count": 7,
     "metadata": {},
     "output_type": "execute_result"
    }
   ],
   "source": [
    "df['Classes'].value_counts()"
   ]
  },
  {
   "cell_type": "code",
   "execution_count": 8,
   "metadata": {},
   "outputs": [],
   "source": [
    "## Encoding ->\n",
    "df['Classes'] = np.where(df['Classes'].str.contains(\"not fire\"),0,1)"
   ]
  },
  {
   "cell_type": "code",
   "execution_count": 9,
   "metadata": {},
   "outputs": [
    {
     "data": {
      "text/plain": [
       "Classes\n",
       "1    137\n",
       "0    106\n",
       "Name: count, dtype: int64"
      ]
     },
     "execution_count": 9,
     "metadata": {},
     "output_type": "execute_result"
    }
   ],
   "source": [
    "df['Classes'].value_counts()"
   ]
  },
  {
   "cell_type": "code",
   "execution_count": 10,
   "metadata": {},
   "outputs": [
    {
     "data": {
      "text/plain": [
       "Index(['Temperature', 'RH', 'Ws', 'Rain', 'FFMC', 'DMC', 'DC', 'ISI', 'BUI',\n",
       "       'FWI', 'Classes', 'Region'],\n",
       "      dtype='object')"
      ]
     },
     "execution_count": 10,
     "metadata": {},
     "output_type": "execute_result"
    }
   ],
   "source": [
    "df.columns"
   ]
  },
  {
   "cell_type": "code",
   "execution_count": 11,
   "metadata": {},
   "outputs": [
    {
     "data": {
      "text/html": [
       "<div>\n",
       "<style scoped>\n",
       "    .dataframe tbody tr th:only-of-type {\n",
       "        vertical-align: middle;\n",
       "    }\n",
       "\n",
       "    .dataframe tbody tr th {\n",
       "        vertical-align: top;\n",
       "    }\n",
       "\n",
       "    .dataframe thead th {\n",
       "        text-align: right;\n",
       "    }\n",
       "</style>\n",
       "<table border=\"1\" class=\"dataframe\">\n",
       "  <thead>\n",
       "    <tr style=\"text-align: right;\">\n",
       "      <th></th>\n",
       "      <th>Temperature</th>\n",
       "      <th>RH</th>\n",
       "      <th>Ws</th>\n",
       "      <th>Rain</th>\n",
       "      <th>FFMC</th>\n",
       "      <th>DMC</th>\n",
       "      <th>DC</th>\n",
       "      <th>ISI</th>\n",
       "      <th>BUI</th>\n",
       "      <th>FWI</th>\n",
       "      <th>Classes</th>\n",
       "      <th>Region</th>\n",
       "    </tr>\n",
       "  </thead>\n",
       "  <tbody>\n",
       "    <tr>\n",
       "      <th>Temperature</th>\n",
       "      <td>1.000000</td>\n",
       "      <td>-0.651400</td>\n",
       "      <td>-0.284510</td>\n",
       "      <td>-0.326492</td>\n",
       "      <td>0.676568</td>\n",
       "      <td>0.485687</td>\n",
       "      <td>0.376284</td>\n",
       "      <td>0.603871</td>\n",
       "      <td>0.459789</td>\n",
       "      <td>0.566670</td>\n",
       "      <td>0.516015</td>\n",
       "      <td>0.269555</td>\n",
       "    </tr>\n",
       "    <tr>\n",
       "      <th>RH</th>\n",
       "      <td>-0.651400</td>\n",
       "      <td>1.000000</td>\n",
       "      <td>0.244048</td>\n",
       "      <td>0.222356</td>\n",
       "      <td>-0.644873</td>\n",
       "      <td>-0.408519</td>\n",
       "      <td>-0.226941</td>\n",
       "      <td>-0.686667</td>\n",
       "      <td>-0.353841</td>\n",
       "      <td>-0.580957</td>\n",
       "      <td>-0.432161</td>\n",
       "      <td>-0.402682</td>\n",
       "    </tr>\n",
       "    <tr>\n",
       "      <th>Ws</th>\n",
       "      <td>-0.284510</td>\n",
       "      <td>0.244048</td>\n",
       "      <td>1.000000</td>\n",
       "      <td>0.171506</td>\n",
       "      <td>-0.166548</td>\n",
       "      <td>-0.000721</td>\n",
       "      <td>0.079135</td>\n",
       "      <td>0.008532</td>\n",
       "      <td>0.031438</td>\n",
       "      <td>0.032368</td>\n",
       "      <td>-0.069964</td>\n",
       "      <td>-0.181160</td>\n",
       "    </tr>\n",
       "    <tr>\n",
       "      <th>Rain</th>\n",
       "      <td>-0.326492</td>\n",
       "      <td>0.222356</td>\n",
       "      <td>0.171506</td>\n",
       "      <td>1.000000</td>\n",
       "      <td>-0.543906</td>\n",
       "      <td>-0.288773</td>\n",
       "      <td>-0.298023</td>\n",
       "      <td>-0.347484</td>\n",
       "      <td>-0.299852</td>\n",
       "      <td>-0.324422</td>\n",
       "      <td>-0.379097</td>\n",
       "      <td>-0.040013</td>\n",
       "    </tr>\n",
       "    <tr>\n",
       "      <th>FFMC</th>\n",
       "      <td>0.676568</td>\n",
       "      <td>-0.644873</td>\n",
       "      <td>-0.166548</td>\n",
       "      <td>-0.543906</td>\n",
       "      <td>1.000000</td>\n",
       "      <td>0.603608</td>\n",
       "      <td>0.507397</td>\n",
       "      <td>0.740007</td>\n",
       "      <td>0.592011</td>\n",
       "      <td>0.691132</td>\n",
       "      <td>0.769492</td>\n",
       "      <td>0.222241</td>\n",
       "    </tr>\n",
       "    <tr>\n",
       "      <th>DMC</th>\n",
       "      <td>0.485687</td>\n",
       "      <td>-0.408519</td>\n",
       "      <td>-0.000721</td>\n",
       "      <td>-0.288773</td>\n",
       "      <td>0.603608</td>\n",
       "      <td>1.000000</td>\n",
       "      <td>0.875925</td>\n",
       "      <td>0.680454</td>\n",
       "      <td>0.982248</td>\n",
       "      <td>0.875864</td>\n",
       "      <td>0.585658</td>\n",
       "      <td>0.192089</td>\n",
       "    </tr>\n",
       "    <tr>\n",
       "      <th>DC</th>\n",
       "      <td>0.376284</td>\n",
       "      <td>-0.226941</td>\n",
       "      <td>0.079135</td>\n",
       "      <td>-0.298023</td>\n",
       "      <td>0.507397</td>\n",
       "      <td>0.875925</td>\n",
       "      <td>1.000000</td>\n",
       "      <td>0.508643</td>\n",
       "      <td>0.941988</td>\n",
       "      <td>0.739521</td>\n",
       "      <td>0.511123</td>\n",
       "      <td>-0.078734</td>\n",
       "    </tr>\n",
       "    <tr>\n",
       "      <th>ISI</th>\n",
       "      <td>0.603871</td>\n",
       "      <td>-0.686667</td>\n",
       "      <td>0.008532</td>\n",
       "      <td>-0.347484</td>\n",
       "      <td>0.740007</td>\n",
       "      <td>0.680454</td>\n",
       "      <td>0.508643</td>\n",
       "      <td>1.000000</td>\n",
       "      <td>0.644093</td>\n",
       "      <td>0.922895</td>\n",
       "      <td>0.735197</td>\n",
       "      <td>0.263197</td>\n",
       "    </tr>\n",
       "    <tr>\n",
       "      <th>BUI</th>\n",
       "      <td>0.459789</td>\n",
       "      <td>-0.353841</td>\n",
       "      <td>0.031438</td>\n",
       "      <td>-0.299852</td>\n",
       "      <td>0.592011</td>\n",
       "      <td>0.982248</td>\n",
       "      <td>0.941988</td>\n",
       "      <td>0.644093</td>\n",
       "      <td>1.000000</td>\n",
       "      <td>0.857973</td>\n",
       "      <td>0.586639</td>\n",
       "      <td>0.089408</td>\n",
       "    </tr>\n",
       "    <tr>\n",
       "      <th>FWI</th>\n",
       "      <td>0.566670</td>\n",
       "      <td>-0.580957</td>\n",
       "      <td>0.032368</td>\n",
       "      <td>-0.324422</td>\n",
       "      <td>0.691132</td>\n",
       "      <td>0.875864</td>\n",
       "      <td>0.739521</td>\n",
       "      <td>0.922895</td>\n",
       "      <td>0.857973</td>\n",
       "      <td>1.000000</td>\n",
       "      <td>0.719216</td>\n",
       "      <td>0.197102</td>\n",
       "    </tr>\n",
       "    <tr>\n",
       "      <th>Classes</th>\n",
       "      <td>0.516015</td>\n",
       "      <td>-0.432161</td>\n",
       "      <td>-0.069964</td>\n",
       "      <td>-0.379097</td>\n",
       "      <td>0.769492</td>\n",
       "      <td>0.585658</td>\n",
       "      <td>0.511123</td>\n",
       "      <td>0.735197</td>\n",
       "      <td>0.586639</td>\n",
       "      <td>0.719216</td>\n",
       "      <td>1.000000</td>\n",
       "      <td>0.162347</td>\n",
       "    </tr>\n",
       "    <tr>\n",
       "      <th>Region</th>\n",
       "      <td>0.269555</td>\n",
       "      <td>-0.402682</td>\n",
       "      <td>-0.181160</td>\n",
       "      <td>-0.040013</td>\n",
       "      <td>0.222241</td>\n",
       "      <td>0.192089</td>\n",
       "      <td>-0.078734</td>\n",
       "      <td>0.263197</td>\n",
       "      <td>0.089408</td>\n",
       "      <td>0.197102</td>\n",
       "      <td>0.162347</td>\n",
       "      <td>1.000000</td>\n",
       "    </tr>\n",
       "  </tbody>\n",
       "</table>\n",
       "</div>"
      ],
      "text/plain": [
       "             Temperature        RH        Ws      Rain      FFMC       DMC  \\\n",
       "Temperature     1.000000 -0.651400 -0.284510 -0.326492  0.676568  0.485687   \n",
       "RH             -0.651400  1.000000  0.244048  0.222356 -0.644873 -0.408519   \n",
       "Ws             -0.284510  0.244048  1.000000  0.171506 -0.166548 -0.000721   \n",
       "Rain           -0.326492  0.222356  0.171506  1.000000 -0.543906 -0.288773   \n",
       "FFMC            0.676568 -0.644873 -0.166548 -0.543906  1.000000  0.603608   \n",
       "DMC             0.485687 -0.408519 -0.000721 -0.288773  0.603608  1.000000   \n",
       "DC              0.376284 -0.226941  0.079135 -0.298023  0.507397  0.875925   \n",
       "ISI             0.603871 -0.686667  0.008532 -0.347484  0.740007  0.680454   \n",
       "BUI             0.459789 -0.353841  0.031438 -0.299852  0.592011  0.982248   \n",
       "FWI             0.566670 -0.580957  0.032368 -0.324422  0.691132  0.875864   \n",
       "Classes         0.516015 -0.432161 -0.069964 -0.379097  0.769492  0.585658   \n",
       "Region          0.269555 -0.402682 -0.181160 -0.040013  0.222241  0.192089   \n",
       "\n",
       "                   DC       ISI       BUI       FWI   Classes    Region  \n",
       "Temperature  0.376284  0.603871  0.459789  0.566670  0.516015  0.269555  \n",
       "RH          -0.226941 -0.686667 -0.353841 -0.580957 -0.432161 -0.402682  \n",
       "Ws           0.079135  0.008532  0.031438  0.032368 -0.069964 -0.181160  \n",
       "Rain        -0.298023 -0.347484 -0.299852 -0.324422 -0.379097 -0.040013  \n",
       "FFMC         0.507397  0.740007  0.592011  0.691132  0.769492  0.222241  \n",
       "DMC          0.875925  0.680454  0.982248  0.875864  0.585658  0.192089  \n",
       "DC           1.000000  0.508643  0.941988  0.739521  0.511123 -0.078734  \n",
       "ISI          0.508643  1.000000  0.644093  0.922895  0.735197  0.263197  \n",
       "BUI          0.941988  0.644093  1.000000  0.857973  0.586639  0.089408  \n",
       "FWI          0.739521  0.922895  0.857973  1.000000  0.719216  0.197102  \n",
       "Classes      0.511123  0.735197  0.586639  0.719216  1.000000  0.162347  \n",
       "Region      -0.078734  0.263197  0.089408  0.197102  0.162347  1.000000  "
      ]
     },
     "execution_count": 11,
     "metadata": {},
     "output_type": "execute_result"
    }
   ],
   "source": [
    "df.corr()"
   ]
  },
  {
   "cell_type": "code",
   "execution_count": 12,
   "metadata": {},
   "outputs": [
    {
     "data": {
      "text/html": [
       "<div>\n",
       "<style scoped>\n",
       "    .dataframe tbody tr th:only-of-type {\n",
       "        vertical-align: middle;\n",
       "    }\n",
       "\n",
       "    .dataframe tbody tr th {\n",
       "        vertical-align: top;\n",
       "    }\n",
       "\n",
       "    .dataframe thead th {\n",
       "        text-align: right;\n",
       "    }\n",
       "</style>\n",
       "<table border=\"1\" class=\"dataframe\">\n",
       "  <thead>\n",
       "    <tr style=\"text-align: right;\">\n",
       "      <th></th>\n",
       "      <th>Temperature</th>\n",
       "      <th>RH</th>\n",
       "      <th>Ws</th>\n",
       "      <th>Rain</th>\n",
       "      <th>FFMC</th>\n",
       "      <th>DMC</th>\n",
       "      <th>DC</th>\n",
       "      <th>ISI</th>\n",
       "      <th>BUI</th>\n",
       "      <th>Classes</th>\n",
       "      <th>Region</th>\n",
       "    </tr>\n",
       "  </thead>\n",
       "  <tbody>\n",
       "    <tr>\n",
       "      <th>0</th>\n",
       "      <td>29</td>\n",
       "      <td>57</td>\n",
       "      <td>18</td>\n",
       "      <td>0.0</td>\n",
       "      <td>65.7</td>\n",
       "      <td>3.4</td>\n",
       "      <td>7.6</td>\n",
       "      <td>1.3</td>\n",
       "      <td>3.4</td>\n",
       "      <td>0</td>\n",
       "      <td>0</td>\n",
       "    </tr>\n",
       "    <tr>\n",
       "      <th>1</th>\n",
       "      <td>29</td>\n",
       "      <td>61</td>\n",
       "      <td>13</td>\n",
       "      <td>1.3</td>\n",
       "      <td>64.4</td>\n",
       "      <td>4.1</td>\n",
       "      <td>7.6</td>\n",
       "      <td>1.0</td>\n",
       "      <td>3.9</td>\n",
       "      <td>0</td>\n",
       "      <td>0</td>\n",
       "    </tr>\n",
       "    <tr>\n",
       "      <th>2</th>\n",
       "      <td>26</td>\n",
       "      <td>82</td>\n",
       "      <td>22</td>\n",
       "      <td>13.1</td>\n",
       "      <td>47.1</td>\n",
       "      <td>2.5</td>\n",
       "      <td>7.1</td>\n",
       "      <td>0.3</td>\n",
       "      <td>2.7</td>\n",
       "      <td>0</td>\n",
       "      <td>0</td>\n",
       "    </tr>\n",
       "    <tr>\n",
       "      <th>3</th>\n",
       "      <td>25</td>\n",
       "      <td>89</td>\n",
       "      <td>13</td>\n",
       "      <td>2.5</td>\n",
       "      <td>28.6</td>\n",
       "      <td>1.3</td>\n",
       "      <td>6.9</td>\n",
       "      <td>0.0</td>\n",
       "      <td>1.7</td>\n",
       "      <td>0</td>\n",
       "      <td>0</td>\n",
       "    </tr>\n",
       "    <tr>\n",
       "      <th>4</th>\n",
       "      <td>27</td>\n",
       "      <td>77</td>\n",
       "      <td>16</td>\n",
       "      <td>0.0</td>\n",
       "      <td>64.8</td>\n",
       "      <td>3.0</td>\n",
       "      <td>14.2</td>\n",
       "      <td>1.2</td>\n",
       "      <td>3.9</td>\n",
       "      <td>0</td>\n",
       "      <td>0</td>\n",
       "    </tr>\n",
       "    <tr>\n",
       "      <th>...</th>\n",
       "      <td>...</td>\n",
       "      <td>...</td>\n",
       "      <td>...</td>\n",
       "      <td>...</td>\n",
       "      <td>...</td>\n",
       "      <td>...</td>\n",
       "      <td>...</td>\n",
       "      <td>...</td>\n",
       "      <td>...</td>\n",
       "      <td>...</td>\n",
       "      <td>...</td>\n",
       "    </tr>\n",
       "    <tr>\n",
       "      <th>238</th>\n",
       "      <td>30</td>\n",
       "      <td>65</td>\n",
       "      <td>14</td>\n",
       "      <td>0.0</td>\n",
       "      <td>85.4</td>\n",
       "      <td>16.0</td>\n",
       "      <td>44.5</td>\n",
       "      <td>4.5</td>\n",
       "      <td>16.9</td>\n",
       "      <td>1</td>\n",
       "      <td>1</td>\n",
       "    </tr>\n",
       "    <tr>\n",
       "      <th>239</th>\n",
       "      <td>28</td>\n",
       "      <td>87</td>\n",
       "      <td>15</td>\n",
       "      <td>4.4</td>\n",
       "      <td>41.1</td>\n",
       "      <td>6.5</td>\n",
       "      <td>8.0</td>\n",
       "      <td>0.1</td>\n",
       "      <td>6.2</td>\n",
       "      <td>0</td>\n",
       "      <td>1</td>\n",
       "    </tr>\n",
       "    <tr>\n",
       "      <th>240</th>\n",
       "      <td>27</td>\n",
       "      <td>87</td>\n",
       "      <td>29</td>\n",
       "      <td>0.5</td>\n",
       "      <td>45.9</td>\n",
       "      <td>3.5</td>\n",
       "      <td>7.9</td>\n",
       "      <td>0.4</td>\n",
       "      <td>3.4</td>\n",
       "      <td>0</td>\n",
       "      <td>1</td>\n",
       "    </tr>\n",
       "    <tr>\n",
       "      <th>241</th>\n",
       "      <td>24</td>\n",
       "      <td>54</td>\n",
       "      <td>18</td>\n",
       "      <td>0.1</td>\n",
       "      <td>79.7</td>\n",
       "      <td>4.3</td>\n",
       "      <td>15.2</td>\n",
       "      <td>1.7</td>\n",
       "      <td>5.1</td>\n",
       "      <td>0</td>\n",
       "      <td>1</td>\n",
       "    </tr>\n",
       "    <tr>\n",
       "      <th>242</th>\n",
       "      <td>24</td>\n",
       "      <td>64</td>\n",
       "      <td>15</td>\n",
       "      <td>0.2</td>\n",
       "      <td>67.3</td>\n",
       "      <td>3.8</td>\n",
       "      <td>16.5</td>\n",
       "      <td>1.2</td>\n",
       "      <td>4.8</td>\n",
       "      <td>0</td>\n",
       "      <td>1</td>\n",
       "    </tr>\n",
       "  </tbody>\n",
       "</table>\n",
       "<p>243 rows × 11 columns</p>\n",
       "</div>"
      ],
      "text/plain": [
       "     Temperature  RH  Ws  Rain  FFMC   DMC    DC  ISI   BUI  Classes  Region\n",
       "0             29  57  18   0.0  65.7   3.4   7.6  1.3   3.4        0       0\n",
       "1             29  61  13   1.3  64.4   4.1   7.6  1.0   3.9        0       0\n",
       "2             26  82  22  13.1  47.1   2.5   7.1  0.3   2.7        0       0\n",
       "3             25  89  13   2.5  28.6   1.3   6.9  0.0   1.7        0       0\n",
       "4             27  77  16   0.0  64.8   3.0  14.2  1.2   3.9        0       0\n",
       "..           ...  ..  ..   ...   ...   ...   ...  ...   ...      ...     ...\n",
       "238           30  65  14   0.0  85.4  16.0  44.5  4.5  16.9        1       1\n",
       "239           28  87  15   4.4  41.1   6.5   8.0  0.1   6.2        0       1\n",
       "240           27  87  29   0.5  45.9   3.5   7.9  0.4   3.4        0       1\n",
       "241           24  54  18   0.1  79.7   4.3  15.2  1.7   5.1        0       1\n",
       "242           24  64  15   0.2  67.3   3.8  16.5  1.2   4.8        0       1\n",
       "\n",
       "[243 rows x 11 columns]"
      ]
     },
     "execution_count": 12,
     "metadata": {},
     "output_type": "execute_result"
    }
   ],
   "source": [
    "X=df.drop('FWI',axis=1)\n",
    "X"
   ]
  },
  {
   "cell_type": "code",
   "execution_count": 13,
   "metadata": {},
   "outputs": [],
   "source": [
    "y=df['FWI']"
   ]
  },
  {
   "cell_type": "code",
   "execution_count": 14,
   "metadata": {},
   "outputs": [],
   "source": [
    "from sklearn.model_selection import train_test_split\n",
    "X_train,X_test,y_train,y_test = train_test_split(X,y,test_size=0.2,random_state=42)"
   ]
  },
  {
   "cell_type": "code",
   "execution_count": 15,
   "metadata": {},
   "outputs": [
    {
     "data": {
      "text/html": [
       "<div>\n",
       "<style scoped>\n",
       "    .dataframe tbody tr th:only-of-type {\n",
       "        vertical-align: middle;\n",
       "    }\n",
       "\n",
       "    .dataframe tbody tr th {\n",
       "        vertical-align: top;\n",
       "    }\n",
       "\n",
       "    .dataframe thead th {\n",
       "        text-align: right;\n",
       "    }\n",
       "</style>\n",
       "<table border=\"1\" class=\"dataframe\">\n",
       "  <thead>\n",
       "    <tr style=\"text-align: right;\">\n",
       "      <th></th>\n",
       "      <th>Temperature</th>\n",
       "      <th>RH</th>\n",
       "      <th>Ws</th>\n",
       "      <th>Rain</th>\n",
       "      <th>FFMC</th>\n",
       "      <th>DMC</th>\n",
       "      <th>DC</th>\n",
       "      <th>ISI</th>\n",
       "      <th>BUI</th>\n",
       "      <th>Classes</th>\n",
       "      <th>Region</th>\n",
       "    </tr>\n",
       "  </thead>\n",
       "  <tbody>\n",
       "    <tr>\n",
       "      <th>Temperature</th>\n",
       "      <td>1.000000</td>\n",
       "      <td>-0.653725</td>\n",
       "      <td>-0.308149</td>\n",
       "      <td>-0.313112</td>\n",
       "      <td>0.690285</td>\n",
       "      <td>0.468911</td>\n",
       "      <td>0.372163</td>\n",
       "      <td>0.613138</td>\n",
       "      <td>0.446280</td>\n",
       "      <td>0.539642</td>\n",
       "      <td>0.258344</td>\n",
       "    </tr>\n",
       "    <tr>\n",
       "      <th>RH</th>\n",
       "      <td>-0.653725</td>\n",
       "      <td>1.000000</td>\n",
       "      <td>0.211645</td>\n",
       "      <td>0.239441</td>\n",
       "      <td>-0.649239</td>\n",
       "      <td>-0.401836</td>\n",
       "      <td>-0.220945</td>\n",
       "      <td>-0.714640</td>\n",
       "      <td>-0.346511</td>\n",
       "      <td>-0.454926</td>\n",
       "      <td>-0.408441</td>\n",
       "    </tr>\n",
       "    <tr>\n",
       "      <th>Ws</th>\n",
       "      <td>-0.308149</td>\n",
       "      <td>0.211645</td>\n",
       "      <td>1.000000</td>\n",
       "      <td>0.235922</td>\n",
       "      <td>-0.176596</td>\n",
       "      <td>0.004712</td>\n",
       "      <td>0.092866</td>\n",
       "      <td>-0.002300</td>\n",
       "      <td>0.037465</td>\n",
       "      <td>-0.075322</td>\n",
       "      <td>-0.202357</td>\n",
       "    </tr>\n",
       "    <tr>\n",
       "      <th>Rain</th>\n",
       "      <td>-0.313112</td>\n",
       "      <td>0.239441</td>\n",
       "      <td>0.235922</td>\n",
       "      <td>1.000000</td>\n",
       "      <td>-0.547864</td>\n",
       "      <td>-0.288538</td>\n",
       "      <td>-0.301110</td>\n",
       "      <td>-0.349903</td>\n",
       "      <td>-0.299179</td>\n",
       "      <td>-0.378585</td>\n",
       "      <td>-0.057382</td>\n",
       "    </tr>\n",
       "    <tr>\n",
       "      <th>FFMC</th>\n",
       "      <td>0.690285</td>\n",
       "      <td>-0.649239</td>\n",
       "      <td>-0.176596</td>\n",
       "      <td>-0.547864</td>\n",
       "      <td>1.000000</td>\n",
       "      <td>0.611978</td>\n",
       "      <td>0.519513</td>\n",
       "      <td>0.751819</td>\n",
       "      <td>0.598248</td>\n",
       "      <td>0.786012</td>\n",
       "      <td>0.254770</td>\n",
       "    </tr>\n",
       "    <tr>\n",
       "      <th>DMC</th>\n",
       "      <td>0.468911</td>\n",
       "      <td>-0.401836</td>\n",
       "      <td>0.004712</td>\n",
       "      <td>-0.288538</td>\n",
       "      <td>0.611978</td>\n",
       "      <td>1.000000</td>\n",
       "      <td>0.876122</td>\n",
       "      <td>0.679049</td>\n",
       "      <td>0.983891</td>\n",
       "      <td>0.606775</td>\n",
       "      <td>0.188980</td>\n",
       "    </tr>\n",
       "    <tr>\n",
       "      <th>DC</th>\n",
       "      <td>0.372163</td>\n",
       "      <td>-0.220945</td>\n",
       "      <td>0.092866</td>\n",
       "      <td>-0.301110</td>\n",
       "      <td>0.519513</td>\n",
       "      <td>0.876122</td>\n",
       "      <td>1.000000</td>\n",
       "      <td>0.512934</td>\n",
       "      <td>0.946181</td>\n",
       "      <td>0.538893</td>\n",
       "      <td>-0.083038</td>\n",
       "    </tr>\n",
       "    <tr>\n",
       "      <th>ISI</th>\n",
       "      <td>0.613138</td>\n",
       "      <td>-0.714640</td>\n",
       "      <td>-0.002300</td>\n",
       "      <td>-0.349903</td>\n",
       "      <td>0.751819</td>\n",
       "      <td>0.679049</td>\n",
       "      <td>0.512934</td>\n",
       "      <td>1.000000</td>\n",
       "      <td>0.637669</td>\n",
       "      <td>0.740072</td>\n",
       "      <td>0.291889</td>\n",
       "    </tr>\n",
       "    <tr>\n",
       "      <th>BUI</th>\n",
       "      <td>0.446280</td>\n",
       "      <td>-0.346511</td>\n",
       "      <td>0.037465</td>\n",
       "      <td>-0.299179</td>\n",
       "      <td>0.598248</td>\n",
       "      <td>0.983891</td>\n",
       "      <td>0.946181</td>\n",
       "      <td>0.637669</td>\n",
       "      <td>1.000000</td>\n",
       "      <td>0.602102</td>\n",
       "      <td>0.090326</td>\n",
       "    </tr>\n",
       "    <tr>\n",
       "      <th>Classes</th>\n",
       "      <td>0.539642</td>\n",
       "      <td>-0.454926</td>\n",
       "      <td>-0.075322</td>\n",
       "      <td>-0.378585</td>\n",
       "      <td>0.786012</td>\n",
       "      <td>0.606775</td>\n",
       "      <td>0.538893</td>\n",
       "      <td>0.740072</td>\n",
       "      <td>0.602102</td>\n",
       "      <td>1.000000</td>\n",
       "      <td>0.196276</td>\n",
       "    </tr>\n",
       "    <tr>\n",
       "      <th>Region</th>\n",
       "      <td>0.258344</td>\n",
       "      <td>-0.408441</td>\n",
       "      <td>-0.202357</td>\n",
       "      <td>-0.057382</td>\n",
       "      <td>0.254770</td>\n",
       "      <td>0.188980</td>\n",
       "      <td>-0.083038</td>\n",
       "      <td>0.291889</td>\n",
       "      <td>0.090326</td>\n",
       "      <td>0.196276</td>\n",
       "      <td>1.000000</td>\n",
       "    </tr>\n",
       "  </tbody>\n",
       "</table>\n",
       "</div>"
      ],
      "text/plain": [
       "             Temperature        RH        Ws      Rain      FFMC       DMC  \\\n",
       "Temperature     1.000000 -0.653725 -0.308149 -0.313112  0.690285  0.468911   \n",
       "RH             -0.653725  1.000000  0.211645  0.239441 -0.649239 -0.401836   \n",
       "Ws             -0.308149  0.211645  1.000000  0.235922 -0.176596  0.004712   \n",
       "Rain           -0.313112  0.239441  0.235922  1.000000 -0.547864 -0.288538   \n",
       "FFMC            0.690285 -0.649239 -0.176596 -0.547864  1.000000  0.611978   \n",
       "DMC             0.468911 -0.401836  0.004712 -0.288538  0.611978  1.000000   \n",
       "DC              0.372163 -0.220945  0.092866 -0.301110  0.519513  0.876122   \n",
       "ISI             0.613138 -0.714640 -0.002300 -0.349903  0.751819  0.679049   \n",
       "BUI             0.446280 -0.346511  0.037465 -0.299179  0.598248  0.983891   \n",
       "Classes         0.539642 -0.454926 -0.075322 -0.378585  0.786012  0.606775   \n",
       "Region          0.258344 -0.408441 -0.202357 -0.057382  0.254770  0.188980   \n",
       "\n",
       "                   DC       ISI       BUI   Classes    Region  \n",
       "Temperature  0.372163  0.613138  0.446280  0.539642  0.258344  \n",
       "RH          -0.220945 -0.714640 -0.346511 -0.454926 -0.408441  \n",
       "Ws           0.092866 -0.002300  0.037465 -0.075322 -0.202357  \n",
       "Rain        -0.301110 -0.349903 -0.299179 -0.378585 -0.057382  \n",
       "FFMC         0.519513  0.751819  0.598248  0.786012  0.254770  \n",
       "DMC          0.876122  0.679049  0.983891  0.606775  0.188980  \n",
       "DC           1.000000  0.512934  0.946181  0.538893 -0.083038  \n",
       "ISI          0.512934  1.000000  0.637669  0.740072  0.291889  \n",
       "BUI          0.946181  0.637669  1.000000  0.602102  0.090326  \n",
       "Classes      0.538893  0.740072  0.602102  1.000000  0.196276  \n",
       "Region      -0.083038  0.291889  0.090326  0.196276  1.000000  "
      ]
     },
     "execution_count": 15,
     "metadata": {},
     "output_type": "execute_result"
    }
   ],
   "source": [
    "X_train.corr()"
   ]
  },
  {
   "cell_type": "code",
   "execution_count": 16,
   "metadata": {},
   "outputs": [
    {
     "data": {
      "text/plain": [
       "((194, 11), (49, 11))"
      ]
     },
     "execution_count": 16,
     "metadata": {},
     "output_type": "execute_result"
    }
   ],
   "source": [
    "X_train.shape,X_test.shape"
   ]
  },
  {
   "cell_type": "code",
   "execution_count": 17,
   "metadata": {},
   "outputs": [
    {
     "data": {
      "text/plain": [
       "<Axes: >"
      ]
     },
     "execution_count": 17,
     "metadata": {},
     "output_type": "execute_result"
    },
    {
     "data": {
